function mymap = mycolormap()
mymap = [1 1 1;
         0         0    0.5313;
         0         0    0.5625;
         0         0    0.5938;
         0         0    0.6250;
         0         0    0.6563;
         0         0    0.6875;
         0         0    0.7188;
         0         0    0.7500;
         0         0    0.7813;
         0         0    0.8125;
         0         0    0.8438;
         0         0    0.8750;
         0         0    0.9063;
         0         0    0.9375;
         0         0    0.9688;
         0         0    1.0000;
         0    0.0313    1.0000;
         0    0.0625    1.0000;
         0    0.0938    1.0000;
         0    0.1250    1.0000;
         0    0.1563    1.0000;
         0    0.1875    1.0000;
         0    0.2188    1.0000;
         0    0.2500    1.0000;
         0    0.2813    1.0000;
         0    0.3125    1.0000;
         0    0.3438    1.0000;
         0    0.3750    1.0000;
         0    0.4063    1.0000;
         0    0.4375    1.0000;
         0    0.4688    1.0000;
         0    0.5000    1.0000;
         0    0.5313    1.0000;
         0    0.5625    1.0000;
         0    0.5938    1.0000;
         0    0.6250    1.0000;
         0    0.6563    1.0000;
         0    0.6875    1.0000;
         0    0.7188    1.0000;
         0    0.7500    1.0000;
         0    0.7813    1.0000;
         0    0.8125    1.0000;
         0    0.8438    1.0000;
         0    0.8750    1.0000;
         0    0.9063    1.0000;
         0    0.9375    1.0000;
         0    0.9688    1.0000;
         0    1.0000    1.0000;
    0.0313    1.0000    0.9688;
    0.0625    1.0000    0.9375;
    0.0938    1.0000    0.9063;
    0.1250    1.0000    0.8750;
    0.1563    1.0000    0.8438;
    0.1875    1.0000    0.8125;
    0.2188    1.0000    0.7813;
    0.2500    1.0000    0.7500;
    0.2813    1.0000    0.7188;
    0.3125    1.0000    0.6875;
    0.3438    1.0000    0.6563;
    0.3750    1.0000    0.6250;
    0.4063    1.0000    0.5938;
    0.4375    1.0000    0.5625;
    0.4688    1.0000    0.5313;
    0.5000    1.0000    0.5000;
    0.5313    1.0000    0.4688;
    0.5625    1.0000    0.4375;
    0.5938    1.0000    0.4063;
    0.6250    1.0000    0.3750;
    0.6563    1.0000    0.3438;
    0.6875    1.0000    0.3125;
    0.7188    1.0000    0.2813;
    0.7500    1.0000    0.2500;
    0.7813    1.0000    0.2188;
    0.8125    1.0000    0.1875;
    0.8438    1.0000    0.1563;
    0.8750    1.0000    0.1250;
    0.9063    1.0000    0.0938;
    0.9375    1.0000    0.0625;
    0.9688    1.0000    0.0313;
    1.0000    1.0000         0;
    1.0000    0.9688         0;
    1.0000    0.9375         0;
    1.0000    0.9063         0;
    1.0000    0.8750         0;
    1.0000    0.8438         0;
    1.0000    0.8125         0;
    1.0000    0.7813         0;
    1.0000    0.7500         0;
    1.0000    0.7188         0;
    1.0000    0.6875         0;
    1.0000    0.6563         0;
    1.0000    0.6250         0;
    1.0000    0.5938         0;
    1.0000    0.5625         0;
    1.0000    0.5313         0;
    1.0000    0.5000         0;
    1.0000    0.4688         0;
    1.0000    0.4375         0;
    1.0000    0.4063         0;
    1.0000    0.3750         0;
    1.0000    0.3438         0;
    1.0000    0.3125         0;
    1.0000    0.2813         0;
    1.0000    0.2500         0;
    1.0000    0.2188         0;
    1.0000    0.1875         0;
    1.0000    0.1563         0;
    1.0000    0.1250         0;
    1.0000    0.0938         0;
    1.0000    0.0625         0;
    1.0000    0.0313         0;
    1.0000         0         0;
    0.9688         0         0;
    0.9375         0         0;
    0.9063         0         0;
    0.8750         0         0;
    0.8438         0         0;
    0.8125         0         0;
    0.7813         0         0;
    0.7500         0         0;
    0.7188         0         0;
    0.6875         0         0;
    0.6563         0         0;
    0.6250         0         0;
    0.5938         0         0;
    0.5625         0         0;
    0.5313         0         0;
    0.5000         0         0];
end